-998.500	0.000
-994.500	0.000
-990.500	0.000
-986.499	0.000
-982.499	0.000
-978.499	0.000
-974.499	0.000
-970.499	0.000
-966.499	0.000
-962.498	0.000
-958.498	0.000
-954.498	0.000
-950.498	0.000
-946.498	0.000
-942.498	0.000
-938.497	0.000
-934.497	0.000
-930.497	0.000
-926.497	0.000
-922.497	0.000
-918.497	0.000
-914.496	0.000
-910.496	0.000
-906.496	0.000
-902.496	0.000
-898.496	0.000
-894.496	0.000
-890.495	0.000
-886.495	0.000
-882.495	0.000
-878.495	0.000
-874.495	0.000
-870.495	0.000
-866.494	0.000
-862.494	0.000
-858.494	0.000
-854.494	0.000
-850.494	0.000
-846.494	0.000
-842.493	0.000
-838.493	0.000
-834.493	0.000
-830.493	0.000
-826.493	0.000
-822.493	0.000
-818.492	0.000
-814.492	0.000
-810.492	0.000
-806.492	0.000
-802.492	0.000
-798.492	0.000
-794.491	0.000
-790.491	0.000
-786.491	0.000
-782.491	0.000
-778.491	0.000
-774.491	0.000
-770.490	0.000
-766.490	0.000
-762.490	0.000
-758.490	0.000
-754.490	0.000
-750.490	0.000
-746.489	0.000
-742.489	0.000
-738.489	0.000
-734.489	0.000
-730.489	0.000
-726.489	0.000
-722.488	0.000
-718.488	0.000
-714.488	0.000
-710.488	0.000
-706.488	0.000
-702.488	0.000
-698.487	0.000
-694.487	0.000
-690.487	0.000
-686.487	0.000
-682.487	0.000
-678.487	0.000
-674.486	0.000
-670.486	0.000
-666.486	0.000
-662.486	0.000
-658.486	0.000
-654.486	0.000
-650.485	0.000
-646.485	0.000
-642.485	0.000
-638.485	0.000
-634.485	0.000
-630.485	0.000
-626.484	0.000
-622.484	0.000
-618.484	0.000
-614.484	0.000
-610.484	0.000
-606.484	0.000
-602.483	0.000
-598.483	0.000
-594.483	0.000
-590.483	0.000
-586.483	0.000
-582.483	0.000
-578.482	0.000
-574.482	0.000
-570.482	0.000
-566.482	0.000
-562.482	0.000
-558.482	0.000
-554.481	0.000
-550.481	0.000
-546.481	0.000
-542.481	0.000
-538.481	0.000
-534.481	0.000
-530.480	0.000
-526.480	0.000
-522.480	0.000
-518.480	0.000
-514.480	0.000
-510.480	0.000
-506.479	0.000
-502.479	0.000
-498.479	0.000
-494.479	0.000
-490.479	0.000
-486.479	0.000
-482.478	0.000
-478.478	0.000
-474.478	0.000
-470.478	0.000
-466.478	0.000
-462.478	0.000
-458.477	0.000
-454.477	0.000
-450.477	0.000
-446.477	0.000
-442.477	0.000
-438.477	0.000
-434.476	0.000
-430.476	0.000
-426.476	0.000
-422.476	0.000
-418.476	0.000
-414.476	0.000
-410.475	0.000
-406.475	0.000
-402.475	0.000
-398.475	0.000
-394.475	0.000
-390.475	0.000
-386.474	0.000
-382.474	0.000
-378.474	0.000
-374.474	0.000
-370.474	0.000
-366.474	0.000
-362.473	0.000
-358.473	0.000
-354.473	0.000
-350.473	0.000
-346.473	0.000
-342.473	0.000
-338.472	0.000
-334.472	0.000
-330.472	0.000
-326.472	0.000
-322.472	0.000
-318.472	0.000
-314.471	0.000
-310.471	0.000
-306.471	0.000
-302.471	0.000
-298.471	0.000
-294.471	0.000
-290.470	0.000
-286.470	0.000
-282.470	0.000
-278.470	0.000
-274.470	0.000
-270.470	0.000
-266.469	0.000
-262.469	0.000
-258.469	0.000
-254.469	0.000
-250.469	0.000
-246.469	0.000
-242.468	0.000
-238.468	0.000
-234.468	0.000
-230.468	0.000
-226.468	0.000
-222.468	0.000
-218.467	0.000
-214.467	0.000
-210.467	0.000
-206.467	0.000
-202.467	0.000
-198.467	0.000
-194.466	0.000
-190.466	0.000
-186.466	0.000
-182.466	0.000
-178.466	0.000
-174.466	0.000
-170.465	0.000
-166.465	0.000
-162.465	0.000
-158.465	0.000
-154.465	0.000
-150.465	0.000
-146.464	0.000
-142.464	0.000
-138.464	0.000
-134.464	0.000
-130.464	0.000
-126.464	0.000
-122.463	0.000
-118.463	0.000
-114.463	0.000
-110.463	0.000
-106.463	0.000
-102.463	0.000
-98.462	0.000
-94.462	0.000
-90.462	0.000
-86.462	0.000
-82.462	0.000
-78.462	0.000
-74.461	0.000
-70.461	0.000
-66.461	0.000
-62.461	0.000
-58.461	0.000
-54.461	0.000
-50.460	0.000
-46.460	0.000
-42.460	2.000
-38.460	1.000
-34.460	3.000
-30.460	3.000
-26.459	7.000
-22.459	5.000
-18.459	2.000
-14.459	11.000
-10.459	6.000
-6.459	9.000
-2.458	13.000
1.542	17.000
5.542	13.000
9.542	12.000
13.542	14.000
17.542	7.000
21.543	6.000
25.543	11.000
29.543	7.000
33.543	6.000
37.543	5.000
41.543	1.000
45.544	4.000
49.544	1.000
53.544	1.000
57.544	0.000
61.544	0.000
65.544	0.000
69.545	1.000
73.545	0.000
77.545	0.000
81.545	0.000
85.545	0.000
89.545	0.000
93.546	0.000
97.546	0.000
101.546	0.000
105.546	1.000
109.546	0.000
113.546	0.000
117.547	0.000
121.547	0.000
125.547	0.000
129.547	0.000
133.547	0.000
137.547	0.000
141.548	0.000
145.548	1.000
149.548	0.000
153.548	2.000
157.548	0.000
161.548	0.000
165.549	0.000
169.549	0.000
173.549	0.000
177.549	0.000
181.549	0.000
185.549	0.000
189.550	0.000
193.550	0.000
197.550	0.000
201.550	0.000
205.550	0.000
209.550	1.000
213.551	0.000
217.551	0.000
221.551	0.000
225.551	0.000
229.551	0.000
233.551	0.000
237.552	0.000
241.552	1.000
245.552	0.000
249.552	0.000
253.552	0.000
257.552	0.000
261.553	0.000
265.553	0.000
269.553	0.000
273.553	1.000
277.553	0.000
281.553	1.000
285.554	2.000
289.554	1.000
293.554	0.000
297.554	3.000
301.554	2.000
305.554	6.000
309.555	10.000
313.555	12.000
317.555	10.000
321.555	10.000
325.555	14.000
329.555	15.000
333.556	31.000
337.556	37.000
341.556	53.000
345.556	51.000
349.556	50.000
353.556	74.000
357.557	76.000
361.557	102.000
365.557	77.000
369.557	97.000
373.557	99.000
377.557	81.000
381.558	96.000
385.558	58.000
389.558	73.000
393.558	42.000
397.558	51.000
401.558	45.000
405.559	36.000
409.559	24.000
413.559	17.000
417.559	11.000
421.559	12.000
425.559	7.000
429.560	6.000
433.560	4.000
437.560	4.000
441.560	6.000
445.560	1.000
449.560	4.000
453.561	2.000
457.561	2.000
461.561	2.000
465.561	5.000
469.561	2.000
473.561	1.000
477.562	0.000
481.562	0.000
485.562	0.000
489.562	1.000
493.562	1.000
497.562	5.000
501.563	2.000
505.563	5.000
509.563	2.000
513.563	1.000
517.563	5.000
521.563	4.000
525.564	3.000
529.564	1.000
533.564	3.000
537.564	0.000
541.564	7.000
545.564	3.000
549.565	2.000
553.565	2.000
557.565	0.000
561.565	2.000
565.565	0.000
569.565	2.000
573.566	4.000
577.566	3.000
581.566	5.000
585.566	1.000
589.566	4.000
593.566	2.000
597.567	3.000
601.567	3.000
605.567	5.000
609.567	0.000
613.567	5.000
617.567	5.000
621.568	0.000
625.568	0.000
629.568	2.000
633.568	3.000
637.568	1.000
641.568	2.000
645.569	3.000
649.569	7.000
653.569	3.000
657.569	8.000
661.569	8.000
665.569	14.000
669.570	26.000
673.570	28.000
677.570	35.000
681.570	59.000
685.570	75.000
689.570	69.000
693.571	102.000
697.571	130.000
701.571	153.000
705.571	185.000
709.571	174.000
713.571	223.000
717.572	264.000
721.572	257.000
725.572	330.000
729.572	310.000
733.572	321.000
737.572	290.000
741.573	280.000
745.573	273.000
749.573	265.000
753.573	248.000
757.573	226.000
761.573	195.000
765.574	169.000
769.574	130.000
773.574	129.000
777.574	101.000
781.574	70.000
785.574	74.000
789.575	54.000
793.575	51.000
797.575	29.000
801.575	29.000
805.575	26.000
809.575	8.000
813.576	20.000
817.576	23.000
821.576	19.000
825.576	20.000
829.576	13.000
833.576	17.000
837.577	20.000
841.577	22.000
845.577	20.000
849.577	22.000
853.577	12.000
857.577	11.000
861.578	10.000
865.578	15.000
869.578	12.000
873.578	19.000
877.578	11.000
881.578	12.000
885.579	20.000
889.579	12.000
893.579	12.000
897.579	14.000
901.579	16.000
905.579	6.000
909.580	15.000
913.580	16.000
917.580	15.000
921.580	16.000
925.580	16.000
929.580	16.000
933.581	17.000
937.581	10.000
941.581	11.000
945.581	11.000
949.581	14.000
953.581	20.000
957.582	6.000
961.582	19.000
965.582	5.000
969.582	12.000
973.582	17.000
977.582	12.000
981.583	10.000
985.583	13.000
989.583	16.000
993.583	22.000
997.583	13.000
1001.583	13.000
1005.584	19.000
1009.584	22.000
1013.584	21.000
1017.584	21.000
1021.584	28.000
1025.584	41.000
1029.585	65.000
1033.585	64.000
1037.585	73.000
1041.585	102.000
1045.585	154.000
1049.585	187.000
1053.586	258.000
1057.586	260.000
1061.586	306.000
1065.586	395.000
1069.586	378.000
1073.586	504.000
1077.587	603.000
1081.587	625.000
1085.587	637.000
1089.587	671.000
1093.587	734.000
1097.587	668.000
1101.588	688.000
1105.588	735.000
1109.588	682.000
1113.588	617.000
1117.588	591.000
1121.588	603.000
1125.589	574.000
1129.589	454.000
1133.589	401.000
1137.589	381.000
1141.589	300.000
1145.589	307.000
1149.590	243.000
1153.590	208.000
1157.590	163.000
1161.590	119.000
1165.590	108.000
1169.590	106.000
1173.591	90.000
1177.591	85.000
1181.591	69.000
1185.591	78.000
1189.591	57.000
1193.591	70.000
1197.592	56.000
1201.592	52.000
1205.592	65.000
1209.592	60.000
1213.592	58.000
1217.592	67.000
1221.593	60.000
1225.593	65.000
1229.593	52.000
1233.593	56.000
1237.593	58.000
1241.593	70.000
1245.594	52.000
1249.594	61.000
1253.594	72.000
1257.594	64.000
1261.594	44.000
1265.594	58.000
1269.595	53.000
1273.595	61.000
1277.595	49.000
1281.595	55.000
1285.595	66.000
1289.595	57.000
1293.596	43.000
1297.596	46.000
1301.596	57.000
1305.596	42.000
1309.596	49.000
1313.596	65.000
1317.597	51.000
1321.597	51.000
1325.597	40.000
1329.597	47.000
1333.597	55.000
1337.597	51.000
1341.598	45.000
1345.598	47.000
1349.598	45.000
1353.598	52.000
1357.598	46.000
1361.598	56.000
1365.599	50.000
1369.599	65.000
1373.599	60.000
1377.599	88.000
1381.599	81.000
1385.599	97.000
1389.600	117.000
1393.600	182.000
1397.600	200.000
1401.600	212.000
1405.600	261.000
1409.600	343.000
1413.601	413.000
1417.601	455.000
1421.601	580.000
1425.601	616.000
1429.601	733.000
1433.601	848.000
1437.602	876.000
1441.602	947.000
1445.602	1078.000
1449.602	1245.000
1453.602	1213.000
1457.602	1350.000
1461.603	1303.000
1465.603	1325.000
1469.603	1349.000
1473.603	1299.000
1477.603	1199.000
1481.603	1157.000
1485.604	1079.000
1489.604	1022.000
1493.604	919.000
1497.604	873.000
1501.604	766.000
1505.604	697.000
1509.605	650.000
1513.605	494.000
1517.605	445.000
1521.605	368.000
1525.605	348.000
1529.605	324.000
1533.606	284.000
1537.606	204.000
1541.606	189.000
1545.606	186.000
1549.606	198.000
1553.606	181.000
1557.607	155.000
1561.607	162.000
1565.607	159.000
1569.607	147.000
1573.607	166.000
1577.607	174.000
1581.608	162.000
1585.608	154.000
1589.608	140.000
1593.608	146.000
1597.608	147.000
1601.608	164.000
1605.609	162.000
1609.609	142.000
1613.609	154.000
1617.609	149.000
1621.609	146.000
1625.609	142.000
1629.610	157.000
1633.610	158.000
1637.610	166.000
1641.610	137.000
1645.610	129.000
1649.610	140.000
1653.611	134.000
1657.611	118.000
1661.611	149.000
1665.611	143.000
1669.611	133.000
1673.611	133.000
1677.612	131.000
1681.612	115.000
1685.612	134.000
1689.612	129.000
1693.612	117.000
1697.612	134.000
1701.613	108.000
1705.613	128.000
1709.613	137.000
1713.613	122.000
1717.613	124.000
1721.613	125.000
1725.614	119.000
1729.614	128.000
1733.614	132.000
1737.614	164.000
1741.614	175.000
1745.614	221.000
1749.615	235.000
1753.615	261.000
1757.615	340.000
1761.615	363.000
1765.615	462.000
1769.615	510.000
1773.616	583.000
1777.616	723.000
1781.616	786.000
1785.616	952.000
1789.616	1074.000
1793.616	1224.000
1797.617	1325.000
1801.617	1427.000
1805.617	1511.000
1809.617	1658.000
1813.617	1757.000
1817.617	1844.000
1821.618	1843.000
1825.618	1928.000
1829.618	1953.000
1833.618	1951.000
1837.618	1988.000
1841.618	1884.000
1845.619	1798.000
1849.619	1737.000
1853.619	1659.000
1857.619	1569.000
1861.619	1447.000
1865.619	1249.000
1869.620	1158.000
1873.620	1087.000
1877.620	964.000
1881.620	831.000
1885.620	762.000
1889.620	664.000
1893.621	614.000
1897.621	593.000
1901.621	514.000
1905.621	429.000
1909.621	375.000
1913.621	406.000
1917.622	348.000
1921.622	301.000
1925.622	296.000
1929.622	312.000
1933.622	298.000
1937.622	302.000
1941.623	329.000
1945.623	296.000
1949.623	288.000
1953.623	286.000
1957.623	297.000
1961.623	323.000
1965.624	297.000
1969.624	308.000
1973.624	288.000
1977.624	290.000
1981.624	292.000
1985.624	290.000
1989.625	282.000
1993.625	298.000
1997.625	293.000
2001.625	265.000
2005.625	285.000
2009.625	284.000
2013.626	275.000
2017.626	277.000
2021.626	263.000
2025.626	276.000
2029.626	288.000
2033.626	245.000
2037.627	242.000
2041.627	266.000
2045.627	267.000
2049.627	243.000
2053.627	270.000
2057.627	251.000
2061.628	236.000
2065.628	236.000
2069.628	256.000
2073.628	222.000
2077.628	243.000
2081.628	306.000
2085.629	218.000
2089.629	279.000
2093.629	303.000
2097.629	296.000
2101.629	328.000
2105.629	304.000
2109.630	413.000
2113.630	432.000
2117.630	484.000
2121.630	563.000
2125.630	609.000
2129.630	728.000
2133.631	843.000
2137.631	885.000
2141.631	1065.000
2145.631	1128.000
2149.631	1345.000
2153.631	1436.000
2157.632	1611.000
2161.632	1762.000
2165.632	1876.000
2169.632	2048.000
2173.632	2068.000
2177.632	2285.000
2181.633	2328.000
2185.633	2421.000
2189.633	2412.000
2193.633	2473.000
2197.633	2469.000
2201.633	2414.000
2205.634	2412.000
2209.634	2290.000
2213.634	2269.000
2217.634	2218.000
2221.634	2038.000
2225.634	1909.000
2229.635	1773.000
2233.635	1667.000
2237.635	1519.000
2241.635	1377.000
2245.635	1194.000
2249.635	1197.000
2253.636	976.000
2257.636	969.000
2261.636	847.000
2265.636	772.000
2269.636	690.000
2273.636	661.000
2277.637	677.000
2281.637	594.000
2285.637	551.000
2289.637	532.000
2293.637	507.000
2297.637	506.000
2301.638	480.000
2305.638	502.000
2309.638	494.000
2313.638	490.000
2317.638	433.000
2321.638	486.000
2325.639	496.000
2329.639	457.000
2333.639	479.000
2337.639	487.000
2341.639	503.000
2345.639	469.000
2349.640	478.000
2353.640	470.000
2357.640	425.000
2361.640	448.000
2365.640	456.000
2369.640	456.000
2373.641	452.000
2377.641	434.000
2381.641	420.000
2385.641	420.000
2389.641	420.000
2393.641	442.000
2397.642	407.000
2401.642	396.000
2405.642	391.000
2409.642	392.000
2413.642	419.000
2417.642	405.000
2421.643	400.000
2425.643	406.000
2429.643	401.000
2433.643	413.000
2437.643	425.000
2441.643	390.000
2445.644	411.000
2449.644	427.000
2453.644	429.000
2457.644	420.000
2461.644	442.000
2465.644	467.000
2469.645	513.000
2473.645	598.000
2477.645	654.000
2481.645	710.000
2485.645	806.000
2489.645	882.000
2493.646	1019.000
2497.646	1110.000
2501.646	1160.000
2505.646	1358.000
2509.646	1487.000
2513.646	1631.000
2517.647	1779.000
2521.647	1937.000
2525.647	2063.000
2529.647	2141.000
2533.647	2290.000
2537.647	2355.000
2541.648	2565.000
2545.648	2550.000
2549.648	2612.000
2553.648	2638.000
2557.648	2751.000
2561.648	2768.000
2565.649	2689.000
2569.649	2612.000
2573.649	2517.000
2577.649	2552.000
2581.649	2379.000
2585.649	2324.000
2589.650	2100.000
2593.650	2073.000
2597.650	1953.000
2601.650	1844.000
2605.650	1706.000
2609.650	1575.000
2613.651	1530.000
2617.651	1304.000
2621.651	1204.000
2625.651	1120.000
2629.651	1022.000
2633.651	969.000
2637.652	876.000
2641.652	838.000
2645.652	827.000
2649.652	760.000
2653.652	738.000
2657.652	660.000
2661.653	689.000
2665.653	623.000
2669.653	607.000
2673.653	640.000
2677.653	673.000
2681.653	613.000
2685.654	602.000
2689.654	661.000
2693.654	627.000
2697.654	582.000
2701.654	622.000
2705.654	617.000
2709.655	671.000
2713.655	616.000
2717.655	559.000
2721.655	641.000
2725.655	599.000
2729.655	560.000
2733.656	620.000
2737.656	587.000
2741.656	593.000
2745.656	642.000
2749.656	543.000
2753.656	578.000
2757.657	571.000
2761.657	556.000
2765.657	574.000
2769.657	513.000
2773.657	498.000
2777.657	550.000
2781.658	575.000
2785.658	568.000
2789.658	470.000
2793.658	563.000
2797.658	533.000
2801.658	570.000
2805.659	558.000
2809.659	567.000
2813.659	593.000
2817.659	572.000
2821.659	637.000
2825.659	659.000
2829.660	669.000
2833.660	760.000
2837.660	776.000
2841.660	895.000
2845.660	905.000
2849.660	1004.000
2853.661	1111.000
2857.661	1256.000
2861.661	1363.000
2865.661	1380.000
2869.661	1542.000
2873.661	1655.000
2877.662	1807.000
2881.662	1922.000
2885.662	2012.000
2889.662	2192.000
2893.662	2247.000
2897.662	2392.000
2901.663	2392.000
2905.663	2554.000
2909.663	2517.000
2913.663	2604.000
2917.663	2656.000
2921.663	2590.000
2925.664	2593.000
2929.664	2613.000
2933.664	2563.000
2937.664	2497.000
2941.664	2543.000
2945.664	2406.000
2949.665	2361.000
2953.665	2230.000
2957.665	2074.000
2961.665	2027.000
2965.665	1884.000
2969.665	1747.000
2973.666	1686.000
2977.666	1660.000
2981.666	1474.000
2985.666	1416.000
2989.666	1327.000
2993.666	1198.000
2997.667	1136.000
3001.667	1037.000
3005.667	1044.000
3009.667	936.000
3013.667	874.000
3017.667	900.000
3021.668	870.000
3025.668	833.000
3029.668	798.000
3033.668	754.000
3037.668	714.000
3041.668	759.000
3045.669	784.000
3049.669	766.000
3053.669	754.000
3057.669	743.000
3061.669	744.000
3065.669	731.000
3069.670	775.000
3073.670	705.000
3077.670	699.000
3081.670	713.000
3085.670	720.000
3089.670	673.000
3093.671	714.000
3097.671	732.000
3101.671	708.000
3105.671	716.000
3109.671	700.000
3113.671	657.000
3117.672	714.000
3121.672	682.000
3125.672	684.000
3129.672	682.000
3133.672	646.000
3137.672	655.000
3141.673	647.000
3145.673	629.000
3149.673	618.000
3153.673	612.000
3157.673	633.000
3161.673	651.000
3165.674	645.000
3169.674	678.000
3173.674	712.000
3177.674	659.000
3181.674	673.000
3185.674	736.000
3189.675	778.000
3193.675	794.000
3197.675	821.000
3201.675	940.000
3205.675	958.000
3209.675	1056.000
3213.676	1141.000
3217.676	1199.000
3221.676	1309.000
3225.676	1392.000
3229.676	1467.000
3233.676	1560.000
3237.677	1648.000
3241.677	1751.000
3245.677	1833.000
3249.677	1911.000
3253.677	1926.000
3257.677	2043.000
3261.678	2186.000
3265.678	2177.000
3269.678	2309.000
3273.678	2320.000
3277.678	2398.000
3281.678	2284.000
3285.679	2294.000
3289.679	2267.000
3293.679	2435.000
3297.679	2234.000
3301.679	2244.000
3305.679	2217.000
3309.680	2112.000
3313.680	2096.000
3317.680	2037.000
3321.680	1894.000
3325.680	1884.000
3329.680	1741.000
3333.681	1701.000
3337.681	1572.000
3341.681	1534.000
3345.681	1426.000
3349.681	1351.000
3353.681	1242.000
3357.682	1237.000
3361.682	1112.000
3365.682	1002.000
3369.682	1010.000
3373.682	979.000
3377.682	972.000
3381.683	949.000
3385.683	877.000
3389.683	853.000
3393.683	838.000
3397.683	777.000
3401.683	810.000
3405.684	849.000
3409.684	802.000
3413.684	788.000
3417.684	734.000
3421.684	770.000
3425.684	744.000
3429.685	742.000
3433.685	765.000
3437.685	757.000
3441.685	830.000
3445.685	737.000
3449.685	705.000
3453.686	763.000
3457.686	716.000
3461.686	764.000
3465.686	744.000
3469.686	690.000
3473.686	715.000
3477.687	681.000
3481.687	708.000
3485.687	678.000
3489.687	683.000
3493.687	694.000
3497.687	714.000
3501.688	688.000
3505.688	706.000
3509.688	676.000
3513.688	682.000
3517.688	684.000
3521.688	680.000
3525.689	692.000
3529.689	710.000
3533.689	682.000
3537.689	692.000
3541.689	786.000
3545.689	789.000
3549.690	797.000
3553.690	848.000
3557.690	912.000
3561.690	936.000
3565.690	915.000
3569.690	1003.000
3573.691	1078.000
3577.691	1144.000
3581.691	1210.000
3585.691	1206.000
3589.691	1327.000
3593.691	1403.000
3597.692	1425.000
3601.692	1537.000
3605.692	1489.000
3609.692	1665.000
3613.692	1734.000
3617.692	1709.000
3621.693	1760.000
3625.693	1779.000
3629.693	1860.000
3633.693	1931.000
3637.693	1898.000
3641.693	1851.000
3645.694	1902.000
3649.694	1882.000
3653.694	1944.000
3657.694	1841.000
3661.694	1892.000
3665.694	1822.000
3669.695	1810.000
3673.695	1724.000
3677.695	1679.000
3681.695	1722.000
3685.695	1644.000
3689.695	1535.000
3693.696	1531.000
3697.696	1348.000
3701.696	1330.000
3705.696	1340.000
3709.696	1193.000
3713.696	1139.000
3717.697	1127.000
3721.697	1116.000
3725.697	1049.000
3729.697	979.000
3733.697	930.000
3737.697	878.000
3741.698	887.000
3745.698	823.000
3749.698	874.000
3753.698	801.000
3757.698	799.000
3761.698	731.000
3765.699	777.000
3769.699	710.000
3773.699	825.000
3777.699	752.000
3781.699	673.000
3785.699	738.000
3789.700	731.000
3793.700	714.000
3797.700	717.000
3801.700	741.000
3805.700	718.000
3809.700	693.000
3813.701	709.000
3817.701	723.000
3821.701	703.000
3825.701	663.000
3829.701	633.000
3833.701	693.000
3837.702	711.000
3841.702	667.000
3845.702	690.000
3849.702	625.000
3853.702	676.000
3857.702	636.000
3861.703	668.000
3865.703	674.000
3869.703	661.000
3873.703	628.000
3877.703	628.000
3881.703	719.000
3885.704	698.000
3889.704	672.000
3893.704	679.000
3897.704	663.000
3901.704	720.000
3905.704	720.000
3909.705	776.000
3913.705	749.000
3917.705	849.000
3921.705	823.000
3925.705	824.000
3929.705	902.000
3933.706	910.000
3937.706	942.000
3941.706	1025.000
3945.706	1037.000
3949.706	1009.000
3953.706	1112.000
3957.707	1203.000
3961.707	1162.000
3965.707	1291.000
3969.707	1247.000
3973.707	1292.000
3977.707	1345.000
3981.708	1393.000
3985.708	1387.000
3989.708	1430.000
3993.708	1479.000
3997.708	1459.000
4001.708	1432.000
4005.709	1484.000
4009.709	1462.000
4013.709	1466.000
4017.709	1449.000
4021.709	1440.000
4025.709	1410.000
4029.710	1399.000
4033.710	1369.000
4037.710	1422.000
4041.710	1197.000
4045.710	1255.000
4049.710	1215.000
4053.711	1173.000
4057.711	1164.000
4061.711	1020.000
4065.711	1054.000
4069.711	1027.000
4073.711	966.000
4077.712	930.000
4081.712	894.000
4085.712	846.000
4089.712	849.000
4093.712	838.000
4097.712	726.000
4101.713	770.000
4105.713	761.000
4109.713	717.000
4113.713	784.000
4117.713	695.000
4121.713	702.000
4125.714	650.000
4129.714	630.000
4133.714	674.000
4137.714	645.000
4141.714	592.000
4145.714	606.000
4149.715	629.000
4153.715	633.000
4157.715	644.000
4161.715	588.000
4165.715	609.000
4169.715	576.000
4173.716	584.000
4177.716	637.000
4181.716	610.000
4185.716	613.000
4189.716	562.000
4193.716	607.000
4197.717	610.000
4201.717	547.000
4205.717	581.000
4209.717	560.000
4213.717	545.000
4217.717	560.000
4221.718	548.000
4225.718	554.000
4229.718	549.000
4233.718	528.000
4237.718	534.000
4241.718	572.000
4245.719	601.000
4249.719	555.000
4253.719	588.000
4257.719	646.000
4261.719	550.000
4265.719	596.000
4269.720	691.000
4273.720	611.000
4277.720	651.000
4281.720	665.000
4285.720	658.000
4289.720	720.000
4293.721	738.000
4297.721	735.000
4301.721	772.000
4305.721	799.000
4309.721	828.000
4313.721	848.000
4317.722	860.000
4321.722	915.000
4325.722	893.000
4329.722	941.000
4333.722	938.000
4337.722	976.000
4341.723	1047.000
4345.723	1026.000
4349.723	1015.000
4353.723	998.000
4357.723	1032.000
4361.723	997.000
4365.724	998.000
4369.724	1013.000
4373.724	1007.000
4377.724	1061.000
4381.724	1027.000
4385.724	1010.000
4389.725	996.000
4393.725	965.000
4397.725	960.000
4401.725	948.000
4405.725	926.000
4409.725	917.000
4413.726	850.000
4417.726	817.000
4421.726	813.000
4425.726	774.000
4429.726	782.000
4433.726	733.000
4437.727	788.000
4441.727	713.000
4445.727	681.000
4449.727	674.000
4453.727	591.000
4457.727	602.000
4461.728	627.000
4465.728	581.000
4469.728	562.000
4473.728	561.000
4477.728	542.000
4481.728	535.000
4485.729	480.000
4489.729	494.000
4493.729	501.000
4497.729	476.000
4501.729	485.000
4505.729	507.000
4509.730	533.000
4513.730	476.000
4517.730	516.000
4521.730	469.000
4525.730	432.000
4529.730	442.000
4533.731	468.000
4537.731	483.000
4541.731	447.000
4545.731	433.000
4549.731	475.000
4553.731	439.000
4557.732	452.000
4561.732	426.000
4565.732	420.000
4569.732	451.000
4573.732	451.000
4577.732	442.000
4581.733	426.000
4585.733	464.000
4589.733	434.000
4593.733	432.000
4597.733	447.000
4601.733	486.000
4605.734	427.000
4609.734	442.000
4613.734	468.000
4617.734	451.000
4621.734	489.000
4625.734	475.000
4629.735	465.000
4633.735	517.000
4637.735	499.000
4641.735	513.000
4645.735	546.000
4649.735	536.000
4653.736	540.000
4657.736	573.000
4661.736	574.000
4665.736	580.000
4669.736	600.000
4673.736	599.000
4677.737	638.000
4681.737	590.000
4685.737	674.000
4689.737	680.000
4693.737	674.000
4697.737	640.000
4701.738	668.000
4705.738	681.000
4709.738	725.000
4713.738	680.000
4717.738	701.000
4721.738	752.000
4725.739	724.000
4729.739	674.000
4733.739	655.000
4737.739	671.000
4741.739	647.000
4745.739	696.000
4749.740	685.000
4753.740	642.000
4757.740	621.000
4761.740	624.000
4765.740	664.000
4769.740	591.000
4773.741	622.000
4777.741	580.000
4781.741	575.000
4785.741	547.000
4789.741	523.000
4793.741	514.000
4797.742	524.000
4801.742	536.000
4805.742	486.000
4809.742	469.000
4813.742	481.000
4817.742	432.000
4821.743	416.000
4825.743	384.000
4829.743	415.000
4833.743	410.000
4837.743	421.000
4841.743	395.000
4845.744	412.000
4849.744	360.000
4853.744	394.000
4857.744	360.000
4861.744	353.000
4865.744	375.000
4869.745	336.000
4873.745	374.000
4877.745	345.000
4881.745	357.000
4885.745	378.000
4889.745	359.000
4893.746	377.000
4897.746	325.000
4901.746	321.000
4905.746	327.000
4909.746	368.000
4913.746	354.000
4917.747	320.000
4921.747	315.000
4925.747	332.000
4929.747	310.000
4933.747	327.000
4937.747	322.000
4941.748	357.000
4945.748	311.000
4949.748	343.000
4953.748	333.000
4957.748	327.000
4961.748	331.000
4965.749	294.000
4969.749	305.000
4973.749	305.000
4977.749	335.000
4981.749	331.000
4985.749	350.000
4989.750	373.000
4993.750	345.000
4997.750	355.000
5001.750	347.000
5005.750	374.000
5009.750	371.000
5013.751	392.000
5017.751	401.000
5021.751	381.000
5025.751	390.000
5029.751	390.000
5033.751	348.000
5037.752	416.000
5041.752	413.000
5045.752	439.000
5049.752	459.000
5053.752	409.000
5057.752	423.000
5061.753	457.000
5065.753	446.000
5069.753	423.000
5073.753	412.000
5077.753	454.000
5081.753	467.000
5085.754	495.000
5089.754	468.000
5093.754	469.000
5097.754	457.000
5101.754	425.000
5105.754	431.000
5109.755	414.000
5113.755	411.000
5117.755	414.000
5121.755	409.000
5125.755	395.000
5129.755	418.000
5133.756	407.000
5137.756	356.000
5141.756	434.000
5145.756	345.000
5149.756	346.000
5153.756	336.000
5157.757	347.000
5161.757	317.000
5165.757	293.000
5169.757	314.000
5173.757	303.000
5177.757	290.000
5181.758	267.000
5185.758	305.000
5189.758	271.000
5193.758	255.000
5197.758	268.000
5201.758	253.000
5205.759	232.000
5209.759	258.000
5213.759	230.000
5217.759	251.000
5221.759	246.000
5225.759	223.000
5229.760	246.000
5233.760	238.000
5237.760	259.000
5241.760	239.000
5245.760	239.000
5249.760	210.000
5253.761	222.000
5257.761	260.000
5261.761	233.000
5265.761	226.000
5269.761	226.000
5273.761	224.000
5277.762	221.000
5281.762	212.000
5285.762	221.000
5289.762	233.000
5293.762	210.000
5297.762	206.000
5301.763	239.000
5305.763	241.000
5309.763	249.000
5313.763	223.000
5317.763	240.000
5321.763	236.000
5325.764	219.000
5329.764	225.000
5333.764	237.000
5337.764	253.000
5341.764	225.000
5345.764	233.000
5349.765	221.000
5353.765	221.000
5357.765	245.000
5361.765	220.000
5365.765	222.000
5369.765	253.000
5373.766	241.000
5377.766	229.000
5381.766	260.000
5385.766	267.000
5389.766	244.000
5393.766	238.000
5397.767	248.000
5401.767	246.000
5405.767	257.000
5409.767	285.000
5413.767	275.000
5417.767	272.000
5421.768	269.000
5425.768	290.000
5429.768	261.000
5433.768	258.000
5437.768	284.000
5441.768	275.000
5445.769	269.000
5449.769	244.000
5453.769	250.000
5457.769	271.000
5461.769	252.000
5465.769	251.000
5469.770	273.000
5473.770	266.000
5477.770	235.000
5481.770	228.000
5485.770	243.000
5489.770	217.000
5493.771	219.000
5497.771	221.000
5501.771	217.000
5505.771	213.000
5509.771	221.000
5513.771	195.000
5517.772	206.000
5521.772	204.000
5525.772	179.000
5529.772	165.000
5533.772	192.000
5537.772	167.000
5541.773	181.000
5545.773	193.000
5549.773	162.000
5553.773	177.000
5557.773	162.000
5561.773	179.000
5565.774	168.000
5569.774	153.000
5573.774	161.000
5577.774	166.000
5581.774	155.000
5585.774	152.000
5589.775	164.000
5593.775	141.000
5597.775	148.000
5601.775	145.000
5605.775	141.000
5609.775	132.000
5613.776	150.000
5617.776	135.000
5621.776	163.000
5625.776	132.000
5629.776	138.000
5633.776	164.000
5637.777	135.000
5641.777	128.000
5645.777	157.000
5649.777	144.000
5653.777	133.000
5657.777	136.000
5661.778	135.000
5665.778	141.000
5669.778	126.000
5673.778	142.000
5677.778	128.000
5681.778	117.000
5685.779	154.000
5689.779	157.000
5693.779	129.000
5697.779	153.000
5701.779	141.000
5705.779	118.000
5709.780	152.000
5713.780	153.000
5717.780	141.000
5721.780	155.000
5725.780	154.000
5729.780	139.000
5733.781	142.000
5737.781	150.000
5741.781	135.000
5745.781	142.000
5749.781	158.000
5753.781	147.000
5757.782	150.000
5761.782	150.000
5765.782	171.000
5769.782	146.000
5773.782	180.000
5777.782	167.000
5781.783	154.000
5785.783	147.000
5789.783	162.000
5793.783	167.000
5797.783	166.000
5801.783	151.000
5805.784	156.000
5809.784	139.000
5813.784	168.000
5817.784	151.000
5821.784	142.000
5825.784	132.000
5829.785	137.000
5833.785	124.000
5837.785	139.000
5841.785	144.000
5845.785	148.000
5849.785	142.000
5853.786	152.000
5857.786	127.000
5861.786	120.000
5865.786	133.000
5869.786	102.000
5873.786	130.000
5877.787	136.000
5881.787	105.000
5885.787	128.000
5889.787	129.000
5893.787	102.000
5897.787	107.000
5901.788	103.000
5905.788	108.000
5909.788	117.000
5913.788	98.000
5917.788	89.000
5921.788	114.000
5925.789	90.000
5929.789	94.000
5933.789	99.000
5937.789	97.000
5941.789	100.000
5945.789	92.000
5949.790	85.000
5953.790	99.000
5957.790	95.000
5961.790	88.000
5965.790	85.000
5969.790	80.000
5973.791	87.000
5977.791	84.000
5981.791	89.000
5985.791	93.000
5989.791	90.000
5993.791	80.000
5997.792	78.000
6001.792	85.000
6005.792	78.000
6009.792	88.000
6013.792	101.000
6017.792	75.000
6021.793	77.000
6025.793	89.000
6029.793	87.000
6033.793	71.000
6037.793	75.000
6041.793	86.000
6045.794	86.000
6049.794	85.000
6053.794	92.000
6057.794	93.000
6061.794	75.000
6065.794	97.000
6069.795	91.000
6073.795	91.000
6077.795	78.000
6081.795	67.000
6085.795	88.000
6089.795	82.000
6093.796	97.000
6097.796	86.000
6101.796	94.000
6105.796	68.000
6109.796	96.000
6113.796	109.000
6117.797	88.000
6121.797	79.000
6125.797	106.000
6129.797	84.000
6133.797	79.000
6137.797	65.000
6141.798	81.000
6145.798	87.000
6149.798	73.000
6153.798	61.000
6157.798	90.000
6161.798	98.000
6165.799	78.000
6169.799	82.000
6173.799	95.000
6177.799	80.000
6181.799	88.000
6185.799	78.000
6189.800	80.000
6193.800	68.000
6197.800	72.000
6201.800	83.000
6205.800	73.000
6209.800	78.000
6213.801	69.000
6217.801	92.000
6221.801	87.000
6225.801	79.000
6229.801	52.000
6233.801	83.000
6237.802	59.000
6241.802	45.000
6245.802	59.000
6249.802	71.000
6253.802	67.000
6257.802	68.000
6261.803	63.000
6265.803	65.000
6269.803	55.000
6273.803	52.000
6277.803	52.000
6281.803	60.000
6285.804	54.000
6289.804	59.000
6293.804	48.000
6297.804	45.000
6301.804	47.000
6305.804	48.000
6309.805	31.000
6313.805	57.000
6317.805	54.000
6321.805	61.000
6325.805	53.000
6329.805	64.000
6333.806	66.000
6337.806	63.000
6341.806	41.000
6345.806	42.000
6349.806	56.000
6353.806	52.000
6357.807	45.000
6361.807	55.000
6365.807	48.000
6369.807	37.000
6373.807	54.000
6377.807	46.000
6381.808	64.000
6385.808	42.000
6389.808	55.000
6393.808	53.000
6397.808	41.000
6401.808	65.000
6405.809	46.000
6409.809	39.000
6413.809	44.000
6417.809	55.000
6421.809	43.000
6425.809	47.000
6429.810	45.000
6433.810	45.000
6437.810	51.000
6441.810	52.000
6445.810	64.000
6449.810	50.000
6453.811	38.000
6457.811	53.000
6461.811	41.000
6465.811	51.000
6469.811	45.000
6473.811	38.000
6477.812	53.000
6481.812	46.000
6485.812	41.000
6489.812	40.000
6493.812	45.000
6497.812	44.000
6501.813	50.000
6505.813	48.000
6509.813	43.000
6513.813	45.000
6517.813	41.000
6521.813	48.000
6525.814	41.000
6529.814	44.000
6533.814	41.000
6537.814	51.000
6541.814	60.000
6545.814	43.000
6549.815	45.000
6553.815	48.000
6557.815	42.000
6561.815	41.000
6565.815	35.000
6569.815	42.000
6573.816	45.000
6577.816	37.000
6581.816	45.000
6585.816	37.000
6589.816	43.000
6593.816	30.000
6597.817	31.000
6601.817	33.000
6605.817	29.000
6609.817	31.000
6613.817	47.000
6617.817	40.000
6621.818	38.000
6625.818	30.000
6629.818	30.000
6633.818	24.000
6637.818	33.000
6641.818	32.000
6645.819	34.000
6649.819	33.000
6653.819	24.000
6657.819	29.000
6661.819	35.000
6665.819	34.000
6669.820	29.000
6673.820	33.000
6677.820	30.000
6681.820	35.000
6685.820	33.000
6689.820	25.000
6693.821	27.000
6697.821	30.000
6701.821	24.000
6705.821	23.000
6709.821	25.000
6713.821	31.000
6717.822	27.000
6721.822	32.000
6725.822	28.000
6729.822	28.000
6733.822	23.000
6737.822	38.000
6741.823	29.000
6745.823	21.000
6749.823	19.000
6753.823	30.000
6757.823	24.000
6761.823	25.000
6765.824	25.000
6769.824	25.000
6773.824	26.000
6777.824	28.000
6781.824	18.000
6785.824	25.000
6789.825	28.000
6793.825	30.000
6797.825	23.000
6801.825	22.000
6805.825	31.000
6809.825	27.000
6813.826	25.000
6817.826	13.000
6821.826	21.000
6825.826	29.000
6829.826	38.000
6833.826	31.000
6837.827	23.000
6841.827	27.000
6845.827	29.000
6849.827	20.000
6853.827	19.000
6857.827	19.000
6861.828	20.000
6865.828	19.000
6869.828	21.000
6873.828	25.000
6877.828	20.000
6881.828	15.000
6885.829	24.000
6889.829	24.000
6893.829	20.000
6897.829	26.000
6901.829	24.000
6905.829	26.000
6909.830	20.000
6913.830	13.000
6917.830	17.000
6921.830	16.000
6925.830	26.000
6929.830	22.000
6933.831	16.000
6937.831	20.000
6941.831	16.000
6945.831	22.000
6949.831	18.000
6953.831	26.000
6957.832	9.000
6961.832	17.000
6965.832	20.000
6969.832	12.000
6973.832	18.000
6977.832	13.000
6981.833	19.000
6985.833	17.000
6989.833	15.000
6993.833	14.000
6997.833	20.000
7001.833	22.000
7005.834	17.000
7009.834	17.000
7013.834	18.000
7017.834	12.000
7021.834	12.000
7025.834	12.000
7029.835	20.000
7033.835	15.000
7037.835	12.000
7041.835	15.000
7045.835	11.000
7049.835	19.000
7053.836	17.000
7057.836	19.000
7061.836	20.000
7065.836	13.000
7069.836	8.000
7073.836	16.000
7077.837	7.000
7081.837	15.000
7085.837	15.000
7089.837	9.000
7093.837	17.000
7097.837	14.000
7101.838	7.000
7105.838	8.000
7109.838	14.000
7113.838	13.000
7117.838	20.000
7121.838	15.000
7125.839	7.000
7129.839	14.000
7133.839	16.000
7137.839	15.000
7141.839	11.000
7145.839	11.000
7149.840	14.000
7153.840	12.000
7157.840	11.000
7161.840	14.000
7165.840	16.000
7169.840	13.000
7173.841	14.000
7177.841	11.000
7181.841	12.000
7185.841	12.000
7189.841	20.000
7193.841	7.000
7197.842	16.000
7201.842	17.000
7205.842	5.000
7209.842	12.000
7213.842	7.000
7217.842	13.000
7221.843	11.000
7225.843	10.000
7229.843	10.000
7233.843	8.000
7237.843	5.000
7241.843	8.000
7245.844	9.000
7249.844	17.000
7253.844	7.000
7257.844	8.000
7261.844	12.000
7265.844	12.000
7269.845	4.000
7273.845	11.000
7277.845	10.000
7281.845	11.000
7285.845	10.000
7289.845	7.000
7293.846	7.000
7297.846	11.000
7301.846	9.000
7305.846	10.000
7309.846	5.000
7313.846	12.000
7317.847	7.000
7321.847	5.000
7325.847	9.000
7329.847	14.000
7333.847	6.000
7337.847	6.000
7341.848	4.000
7345.848	9.000
7349.848	7.000
7353.848	10.000
7357.848	7.000
7361.848	11.000
7365.849	12.000
7369.849	8.000
7373.849	9.000
7377.849	8.000
7381.849	13.000
7385.849	10.000
7389.850	11.000
7393.850	4.000
7397.850	6.000
7401.850	11.000
7405.850	5.000
7409.850	6.000
7413.851	9.000
7417.851	10.000
7421.851	7.000
7425.851	6.000
7429.851	8.000
7433.851	12.000
7437.852	4.000
7441.852	7.000
7445.852	6.000
7449.852	3.000
7453.852	8.000
7457.852	10.000
7461.853	5.000
7465.853	11.000
7469.853	6.000
7473.853	5.000
7477.853	8.000
7481.853	7.000
7485.854	7.000
7489.854	5.000
7493.854	8.000
7497.854	5.000
7501.854	5.000
7505.854	3.000
7509.855	6.000
7513.855	7.000
7517.855	7.000
7521.855	7.000
7525.855	4.000
7529.855	10.000
7533.856	7.000
7537.856	4.000
7541.856	6.000
7545.856	4.000
7549.856	9.000
7553.856	3.000
7557.857	4.000
7561.857	9.000
7565.857	6.000
7569.857	4.000
7573.857	7.000
7577.857	9.000
7581.858	1.000
7585.858	8.000
7589.858	7.000
7593.858	2.000
7597.858	7.000
7601.858	2.000
7605.859	4.000
7609.859	4.000
7613.859	5.000
7617.859	3.000
7621.859	6.000
7625.859	4.000
7629.860	6.000
7633.860	5.000
7637.860	6.000
7641.860	3.000
7645.860	4.000
7649.860	3.000
7653.861	6.000
7657.861	4.000
7661.861	5.000
7665.861	1.000
7669.861	5.000
7673.861	3.000
7677.862	5.000
7681.862	2.000
7685.862	3.000
7689.862	6.000
7693.862	4.000
7697.862	8.000
7701.863	3.000
7705.863	2.000
7709.863	4.000
7713.863	7.000
7717.863	2.000
7721.863	4.000
7725.864	3.000
7729.864	5.000
7733.864	4.000
7737.864	4.000
7741.864	4.000
7745.864	7.000
7749.865	4.000
7753.865	4.000
7757.865	6.000
7761.865	6.000
7765.865	6.000
7769.865	6.000
7773.866	4.000
7777.866	3.000
7781.866	1.000
7785.866	3.000
7789.866	2.000
7793.866	3.000
7797.867	2.000
7801.867	1.000
7805.867	5.000
7809.867	4.000
7813.867	2.000
7817.867	2.000
7821.868	2.000
7825.868	4.000
7829.868	3.000
7833.868	1.000
7837.868	5.000
7841.868	3.000
7845.869	7.000
7849.869	3.000
7853.869	3.000
7857.869	0.000
7861.869	0.000
7865.869	3.000
7869.870	0.000
7873.870	2.000
7877.870	4.000
7881.870	1.000
7885.870	0.000
7889.870	4.000
7893.871	2.000
7897.871	2.000
7901.871	2.000
7905.871	4.000
7909.871	2.000
7913.871	5.000
7917.872	0.000
7921.872	1.000
7925.872	2.000
7929.872	0.000
7933.872	1.000
7937.872	1.000
7941.873	3.000
7945.873	1.000
7949.873	1.000
7953.873	4.000
7957.873	3.000
7961.873	1.000
7965.874	2.000
7969.874	1.000
7973.874	5.000
7977.874	0.000
7981.874	2.000
7985.874	1.000
7989.875	2.000
7993.875	2.000
7997.875	1.000
8001.875	5.000
8005.875	5.000
8009.875	1.000
8013.876	1.000
8017.876	1.000
8021.876	2.000
8025.876	3.000
8029.876	3.000
8033.876	1.000
8037.877	1.000
8041.877	3.000
8045.877	0.000
8049.877	0.000
8053.877	0.000
8057.877	0.000
8061.878	2.000
8065.878	2.000
8069.878	3.000
8073.878	1.000
8077.878	1.000
8081.878	1.000
8085.879	1.000
8089.879	1.000
8093.879	0.000
8097.879	3.000
8101.879	1.000
8105.879	2.000
8109.880	2.000
8113.880	3.000
8117.880	0.000
8121.880	2.000
8125.880	2.000
8129.880	1.000
8133.881	0.000
8137.881	3.000
8141.881	4.000
8145.881	3.000
8149.881	2.000
8153.881	3.000
8157.882	1.000
8161.882	1.000
8165.882	2.000
8169.882	0.000
8173.882	2.000
8177.882	0.000
8181.883	1.000
8185.883	1.000
8189.883	0.000
8193.883	1.000
8197.883	0.000
8201.883	1.000
8205.884	3.000
8209.884	1.000
8213.884	0.000
8217.884	1.000
8221.884	1.000
8225.884	3.000
8229.885	0.000
8233.885	1.000
8237.885	0.000
8241.885	3.000
8245.885	1.000
8249.885	2.000
8253.886	1.000
8257.886	2.000
8261.886	3.000
8265.886	1.000
8269.886	0.000
8273.886	1.000
8277.887	4.000
8281.887	1.000
8285.887	1.000
8289.887	1.000
8293.887	0.000
8297.887	0.000
8301.888	0.000
8305.888	2.000
8309.888	1.000
8313.888	0.000
8317.888	2.000
8321.888	1.000
8325.889	0.000
8329.889	0.000
8333.889	0.000
8337.889	0.000
8341.889	0.000
8345.889	1.000
8349.890	0.000
8353.890	1.000
8357.890	0.000
8361.890	1.000
8365.890	1.000
8369.890	2.000
8373.891	1.000
8377.891	3.000
8381.891	0.000
8385.891	1.000
8389.891	0.000
8393.891	1.000
8397.892	1.000
8401.892	1.000
8405.892	4.000
8409.892	1.000
8413.892	0.000
8417.892	3.000
8421.893	1.000
8425.893	0.000
8429.893	0.000
8433.893	4.000
8437.893	3.000
8441.893	0.000
8445.894	0.000
8449.894	0.000
8453.894	2.000
8457.894	0.000
8461.894	1.000
8465.894	1.000
8469.895	0.000
8473.895	0.000
8477.895	0.000
8481.895	0.000
8485.895	1.000
8489.895	0.000
8493.896	2.000
8497.896	0.000
8501.896	1.000
8505.896	1.000
8509.896	0.000
8513.896	0.000
8517.897	0.000
8521.897	2.000
8525.897	1.000
8529.897	0.000
8533.897	2.000
8537.897	1.000
8541.898	0.000
8545.898	1.000
8549.898	0.000
8553.898	1.000
8557.898	1.000
8561.898	3.000
8565.899	1.000
8569.899	0.000
8573.899	0.000
8577.899	0.000
8581.899	0.000
8585.899	0.000
8589.900	1.000
8593.900	0.000
8597.900	0.000
8601.900	0.000
8605.900	1.000
8609.900	0.000
8613.901	1.000
8617.901	0.000
8621.901	1.000
8625.901	0.000
8629.901	0.000
8633.901	1.000
8637.902	1.000
8641.902	2.000
8645.902	2.000
8649.902	1.000
8653.902	0.000
8657.902	1.000
8661.903	1.000
8665.903	0.000
8669.903	0.000
8673.903	1.000
8677.903	0.000
8681.903	0.000
8685.904	1.000
8689.904	1.000
8693.904	1.000
8697.904	0.000
8701.904	0.000
8705.904	1.000
8709.905	0.000
8713.905	0.000
8717.905	2.000
8721.905	2.000
8725.905	2.000
8729.905	1.000
8733.906	0.000
8737.906	0.000
8741.906	0.000
8745.906	0.000
8749.906	1.000
8753.906	1.000
8757.907	1.000
8761.907	0.000
8765.907	1.000
8769.907	0.000
8773.907	1.000
8777.907	0.000
8781.908	1.000
8785.908	0.000
8789.908	0.000
8793.908	1.000
8797.908	0.000
8801.908	0.000
8805.909	0.000
8809.909	0.000
8813.909	0.000
8817.909	0.000
8821.909	0.000
8825.909	1.000
8829.910	1.000
8833.910	0.000
8837.910	0.000
8841.910	0.000
8845.910	0.000
8849.910	1.000
8853.911	0.000
8857.911	0.000
8861.911	0.000
8865.911	0.000
8869.911	1.000
8873.911	1.000
8877.912	0.000
8881.912	0.000
8885.912	0.000
8889.912	1.000
8893.912	0.000
8897.912	0.000
8901.913	1.000
8905.913	0.000
8909.913	0.000
8913.913	0.000
8917.913	0.000
8921.913	2.000
8925.914	0.000
8929.914	1.000
8933.914	1.000
8937.914	0.000
8941.914	0.000
8945.914	0.000
8949.915	0.000
8953.915	0.000
8957.915	0.000
8961.915	0.000
8965.915	0.000
8969.915	1.000
8973.916	0.000
8977.916	0.000
8981.916	0.000
8985.916	0.000
8989.916	0.000
8993.916	0.000
8997.917	0.000
9001.917	0.000
9005.917	0.000
9009.917	1.000
9013.917	0.000
9017.917	0.000
9021.918	0.000
9025.918	1.000
9029.918	0.000
9033.918	0.000
9037.918	1.000
9041.918	0.000
9045.919	1.000
9049.919	1.000
9053.919	0.000
9057.919	0.000
9061.919	0.000
9065.919	0.000
9069.920	0.000
9073.920	0.000
9077.920	0.000
9081.920	1.000
9085.920	0.000
9089.920	0.000
9093.921	0.000
9097.921	0.000
9101.921	0.000
9105.921	0.000
9109.921	0.000
9113.921	0.000
9117.922	0.000
9121.922	1.000
9125.922	0.000
9129.922	0.000
9133.922	0.000
9137.922	0.000
9141.923	0.000
9145.923	0.000
9149.923	0.000
9153.923	0.000
9157.923	0.000
9161.923	0.000
9165.924	0.000
9169.924	0.000
9173.924	0.000
9177.924	0.000
9181.924	0.000
9185.924	0.000
9189.925	0.000
9193.925	0.000
9197.925	0.000
9201.925	0.000
9205.925	0.000
9209.925	0.000
9213.926	0.000
9217.926	0.000
9221.926	0.000
9225.926	0.000
9229.926	0.000
9233.926	0.000
9237.927	0.000
9241.927	0.000
9245.927	0.000
9249.927	0.000
9253.927	0.000
9257.927	0.000
9261.928	0.000
9265.928	0.000
9269.928	0.000
9273.928	0.000
9277.928	0.000
9281.928	0.000
9285.929	0.000
9289.929	0.000
9293.929	0.000
9297.929	0.000
9301.929	0.000
9305.929	0.000
9309.930	0.000
9313.930	0.000
9317.930	0.000
9321.930	0.000
9325.930	0.000
9329.930	0.000
9333.931	1.000
9337.931	0.000
9341.931	0.000
9345.931	1.000
9349.931	0.000
9353.931	0.000
9357.932	0.000
9361.932	0.000
9365.932	0.000
9369.932	1.000
9373.932	0.000
9377.932	0.000
9381.933	0.000
9385.933	0.000
9389.933	0.000
9393.933	0.000
9397.933	0.000
9401.933	0.000
9405.934	0.000
9409.934	0.000
9413.934	0.000
9417.934	0.000
9421.934	0.000
9425.934	0.000
9429.935	0.000
9433.935	0.000
9437.935	0.000
9441.935	0.000
9445.935	0.000
9449.935	0.000
9453.936	0.000
9457.936	0.000
9461.936	1.000
9465.936	0.000
9469.936	0.000
9473.936	0.000
9477.937	0.000
9481.937	0.000
9485.937	0.000
9489.937	0.000
9493.937	0.000
9497.937	0.000
9501.938	0.000
9505.938	0.000
9509.938	0.000
9513.938	0.000
9517.938	0.000
9521.938	0.000
9525.939	0.000
9529.939	0.000
9533.939	0.000
9537.939	1.000
9541.939	1.000
9545.939	0.000
9549.940	0.000
9553.940	0.000
9557.940	0.000
9561.940	0.000
9565.940	0.000
9569.940	0.000
9573.941	0.000
9577.941	0.000
9581.941	0.000
9585.941	0.000
9589.941	0.000
9593.941	0.000
9597.942	0.000
9601.942	0.000
9605.942	0.000
9609.942	0.000
9613.942	0.000
9617.942	0.000
9621.943	0.000
9625.943	1.000
9629.943	0.000
9633.943	0.000
9637.943	0.000
9641.943	0.000
9645.944	0.000
9649.944	0.000
9653.944	0.000
9657.944	0.000
9661.944	0.000
9665.944	0.000
9669.945	0.000
9673.945	0.000
9677.945	0.000
9681.945	0.000
9685.945	0.000
9689.945	0.000
9693.946	0.000
9697.946	0.000
9701.946	0.000
9705.946	0.000
9709.946	0.000
9713.946	0.000
9717.947	0.000
9721.947	0.000
9725.947	0.000
9729.947	0.000
9733.947	0.000
9737.947	0.000
9741.948	0.000
9745.948	0.000
9749.948	0.000
9753.948	0.000
9757.948	0.000
9761.948	0.000
9765.949	0.000
9769.949	0.000
9773.949	0.000
9777.949	0.000
9781.949	1.000
9785.949	0.000
9789.950	0.000
9793.950	0.000
9797.950	0.000
9801.950	0.000
9805.950	0.000
9809.950	0.000
9813.951	0.000
9817.951	0.000
9821.951	0.000
9825.951	0.000
9829.951	0.000
9833.951	0.000
9837.952	0.000
9841.952	0.000
9845.952	0.000
9849.952	0.000
9853.952	0.000
9857.952	0.000
9861.953	0.000
9865.953	0.000
9869.953	0.000
9873.953	0.000
9877.953	0.000
9881.953	0.000
9885.954	0.000
9889.954	0.000
9893.954	0.000
9897.954	0.000
9901.954	0.000
9905.954	0.000
9909.955	0.000
9913.955	0.000
9917.955	0.000
9921.955	0.000
9925.955	0.000
9929.955	0.000
9933.956	0.000
9937.956	0.000
9941.956	0.000
9945.956	0.000
9949.956	0.000
9953.956	0.000
9957.957	0.000
9961.957	0.000
9965.957	0.000
9969.957	0.000
9973.957	0.000
9977.957	0.000
9981.958	0.000
9985.958	0.000
9989.958	0.000
9993.958	0.000
9997.958	0.000
10001.958	0.000
10005.959	0.000
10009.959	0.000
10013.959	0.000
10017.959	0.000
10021.959	0.000
10025.959	0.000
10029.960	0.000
10033.960	0.000
10037.960	1.000
10041.960	0.000
10045.960	0.000
10049.960	0.000
10053.961	0.000
10057.961	0.000
10061.961	0.000
10065.961	0.000
10069.961	0.000
10073.961	0.000
10077.962	0.000
10081.962	0.000
10085.962	0.000
10089.962	0.000
10093.962	0.000
10097.962	0.000
10101.963	0.000
10105.963	0.000
10109.963	0.000
10113.963	0.000
10117.963	0.000
10121.963	0.000
10125.964	0.000
10129.964	0.000
10133.964	0.000
10137.964	0.000
10141.964	0.000
10145.964	0.000
10149.965	0.000
10153.965	0.000
10157.965	0.000
10161.965	0.000
10165.965	0.000
10169.965	0.000
10173.966	0.000
10177.966	0.000
10181.966	0.000
10185.966	0.000
10189.966	0.000
10193.966	0.000
10197.967	0.000
10201.967	0.000
10205.967	0.000
10209.967	0.000
10213.967	0.000
10217.967	0.000
10221.968	0.000
10225.968	0.000
10229.968	0.000
10233.968	0.000
10237.968	0.000
10241.968	0.000
10245.969	0.000
10249.969	0.000
10253.969	0.000
10257.969	0.000
10261.969	0.000
10265.969	0.000
10269.970	0.000
10273.970	0.000
10277.970	0.000
10281.970	0.000
10285.970	0.000
10289.970	0.000
10293.971	0.000
10297.971	0.000
10301.971	0.000
10305.971	0.000
10309.971	0.000
10313.971	0.000
10317.972	0.000
10321.972	0.000
10325.972	0.000
10329.972	0.000
10333.972	0.000
10337.972	0.000
10341.973	0.000
10345.973	0.000
10349.973	0.000
10353.973	0.000
10357.973	0.000
10361.973	0.000
10365.974	0.000
10369.974	0.000
10373.974	0.000
10377.974	0.000
10381.974	0.000
10385.974	0.000
10389.975	0.000
10393.975	0.000
10397.975	0.000
10401.975	0.000
10405.975	0.000
10409.975	0.000
10413.976	0.000
10417.976	0.000
10421.976	0.000
10425.976	0.000
10429.976	0.000
10433.976	0.000
10437.977	0.000
10441.977	0.000
10445.977	0.000
10449.977	0.000
10453.977	0.000
10457.977	0.000
10461.978	0.000
10465.978	0.000
10469.978	0.000
10473.978	0.000
10477.978	0.000
10481.978	0.000
10485.979	0.000
10489.979	0.000
10493.979	0.000
10497.979	0.000
10501.979	0.000
10505.979	0.000
10509.980	0.000
10513.980	0.000
10517.980	0.000
10521.980	0.000
10525.980	0.000
10529.980	0.000
10533.981	0.000
10537.981	0.000
10541.981	0.000
10545.981	0.000
10549.981	0.000
10553.981	0.000
10557.982	0.000
10561.982	0.000
10565.982	0.000
10569.982	0.000
10573.982	0.000
10577.982	0.000
10581.983	0.000
10585.983	0.000
10589.983	0.000
10593.983	0.000
10597.983	0.000
10601.983	0.000
10605.984	0.000
10609.984	0.000
10613.984	0.000
10617.984	0.000
10621.984	0.000
10625.984	0.000
10629.985	0.000
10633.985	0.000
10637.985	0.000
10641.985	0.000
10645.985	0.000
10649.985	0.000
10653.986	0.000
10657.986	0.000
10661.986	0.000
10665.986	0.000
10669.986	0.000
10673.986	0.000
10677.987	0.000
10681.987	0.000
10685.987	0.000
10689.987	0.000
10693.987	0.000
10697.987	0.000
10701.988	0.000
10705.988	0.000
10709.988	0.000
10713.988	0.000
10717.988	0.000
10721.988	0.000
10725.989	0.000
10729.989	0.000
10733.989	0.000
10737.989	0.000
10741.989	0.000
10745.989	0.000
10749.990	0.000
10753.990	0.000
10757.990	0.000
10761.990	0.000
10765.990	0.000
10769.990	0.000
10773.991	0.000
10777.991	0.000
10781.991	0.000
10785.991	0.000
10789.991	0.000
10793.991	0.000
10797.992	0.000
10801.992	0.000
10805.992	0.000
10809.992	0.000
10813.992	1.000
10817.992	0.000
10821.993	0.000
10825.993	0.000
10829.993	0.000
10833.993	0.000
10837.993	0.000
10841.993	0.000
10845.994	0.000
10849.994	0.000
10853.994	0.000
10857.994	0.000
10861.994	0.000
10865.994	0.000
10869.995	0.000
10873.995	0.000
10877.995	0.000
10881.995	0.000
10885.995	0.000
10889.995	0.000
10893.996	0.000
10897.996	0.000
10901.996	0.000
10905.996	0.000
10909.996	0.000
10913.996	0.000
10917.997	0.000
10921.997	0.000
10925.997	0.000
10929.997	0.000
10933.997	0.000
10937.997	0.000
10941.998	0.000
10945.998	0.000
10949.998	0.000
10953.998	0.000
10957.998	0.000
10961.998	0.000
10965.999	0.000
10969.999	0.000
10973.999	0.000
10977.999	0.000
10981.999	0.000
10985.999	0.000
10990.000	0.000
10994.000	0.000
10998.000	0.000
.993	0.000
10833.993	0.000
10837.993	0.000
10841.993	0.000
10845.994	0.000
10849.994	0.000
10853.994	0.000
10857.994	0.000
10861.994	0.000
10865.994	0.000
10869.995	0.000
10873.995	0.000
10877.995	0.000
10881.995	0.000
10885.995	0.000
10889.995	0.000
10893.996	0.000
10897.996	0.000
10901.996	0.000
10905.996	0.000
10909.996	0.000
10913.996	0.000
10917.997	0.000
10921.997	0.000
10925.997	0.000
10929.997	0.000
10933.997	0.000
10937.997	0.000
10941.998	0.000
10945.998	0.000
10949.998	0.000
10953.998	0.000
10957.998	0.000
10961.998	0.000
10965.999	0.000
10969.999	0.000
10973.999	0.000
10977.999	0.000
10981.999	0.000
10985.999	0.000
10990.000	0.000
10994.000	0.000
10998.000	0.000
